[gd_scene load_steps=10 format=2]

[ext_resource path="res://scripts/Planet.gd" type="Script" id=1]
[ext_resource path="res://scripts/spawner.gd" type="Script" id=2]
[ext_resource path="res://scripts/camera_base.gd" type="Script" id=3]
[ext_resource path="res://scripts/camera.gd" type="Script" id=4]
[ext_resource path="res://assets/prefabs/walker.tscn" type="PackedScene" id=5]
[ext_resource path="res://assets/prefabs/gui.tscn" type="PackedScene" id=6]
[ext_resource path="res://scripts/click.gd" type="Script" id=7]

[sub_resource type="PanoramaSky" id=1]

[sub_resource type="Environment" id=2]
background_mode = 1
background_sky = SubResource( 1 )
background_color = Color( 0.0392157, 0.0392157, 0.0784314, 1 )

[node name="Spatial" type="Spatial"]

[node name="Planet" type="Spatial" parent="."]
transform = Transform( 1, 0, 0, 0, 1, 0, 0, 0, 1, 0, 8, 0 )
script = ExtResource( 1 )

[node name="Spawner" type="Spatial" parent="Planet"]
script = ExtResource( 2 )

[node name="CameraBase" type="Spatial" parent="."]
script = ExtResource( 3 )

[node name="CameraArm" type="Spatial" parent="CameraBase"]
transform = Transform( 1, 0, 0, 0, 1, 0, 0, 0, 1, 0, 25.4278, 0 )

[node name="Pivot" type="Spatial" parent="CameraBase/CameraArm"]

[node name="Camera" type="Camera" parent="CameraBase/CameraArm/Pivot"]
transform = Transform( 1, 0, 0, 0, 0.707107, 0.707107, 0, -0.707107, 0.707107, 0, 25, 25 )
environment = SubResource( 2 )
current = true
far = 500.0
script = ExtResource( 4 )

[node name="Spatial" parent="CameraBase/CameraArm/Pivot" instance=ExtResource( 5 )]

[node name="DirectionalLight" type="DirectionalLight" parent="."]
transform = Transform( 0.858871, -0.173104, 0.482055, 0, 0.941158, 0.337966, -0.512193, -0.290269, 0.808333, 0, 0, 0 )
light_energy = 4.0
shadow_enabled = true
shadow_bias = 1.25

[node name="GUI" parent="." instance=ExtResource( 6 )]

[node name="RayCast" type="RayCast" parent="."]
transform = Transform( 1, 0, 0, 0, 0.65704, 0.753855, 0, -0.753855, 0.65704, 0, 0, 0 )
script = ExtResource( 7 )
