[gd_scene load_steps=10 format=2]

[ext_resource path="res://scripts/camera_main.gd" type="Script" id=1]
[ext_resource path="res://assets/prefabs/gui.tscn" type="PackedScene" id=2]
[ext_resource path="res://scripts/spawner_planets.gd" type="Script" id=3]
[ext_resource path="res://scripts/spawner_buildings.gd" type="Script" id=4]

[sub_resource type="PanoramaSky" id=1]

[sub_resource type="Environment" id=2]
background_mode = 1
background_sky = SubResource( 1 )
background_color = Color( 0.0392157, 0.0392157, 0.0784314, 1 )
ambient_light_color = Color( 1, 1, 1, 1 )
ambient_light_energy = 0.1

[sub_resource type="GDScript" id=3]
script/source = "extends Spatial

const ray_length = 1000
var from
var to

func _input(event):
	
	return
	
	if event is InputEventMouseButton and event.pressed and event.button_index == 1:
		var camera = $Camera
		var from = camera.project_ray_origin(event.position)
		var to = from + camera.project_ray_normal(event.position) * ray_length
		var space_state = get_world().get_direct_space_state()
		var result = space_state.intersect_ray(from, to)
		print(result)
"

[sub_resource type="SpatialMaterial" id=4]
albedo_color = Color( 0.980392, 0.882353, 0.0901961, 1 )

[sub_resource type="SphereMesh" id=5]
material = SubResource( 4 )

[node name="spatial" type="Spatial"]

[node name="camera_base" type="Spatial" parent="."]
script = ExtResource( 1 )

[node name="camera_arm" type="Spatial" parent="camera_base"]
transform = Transform( 1, 0, 0, 0, 1, 0, 0, 0, 1, 0, 10, 0 )

[node name="pivot" type="Spatial" parent="camera_base/camera_arm"]

[node name="camera_main" type="Camera" parent="camera_base/camera_arm/pivot"]
transform = Transform( 1, 0, 0, 0, 0.707107, 0.707107, 0, -0.707107, 0.707107, 0, 25, 25 )
environment = SubResource( 2 )
current = true
far = 8192.0

[node name="DirectionalLight" type="DirectionalLight" parent="."]
transform = Transform( 0.858871, -0.173104, 0.482055, 0, 0.941158, 0.337966, -0.512193, -0.290269, 0.808333, 0, 0, 0 )
shadow_enabled = true

[node name="gui" parent="." instance=ExtResource( 2 )]

[node name="RayCast" type="RayCast" parent="."]
transform = Transform( 1, 0, 0, 0, 0.65704, 0.753855, 0, -0.753855, 0.65704, 0, 0, 0 )
script = SubResource( 3 )

[node name="spawner_planets" type="Spatial" parent="."]
script = ExtResource( 3 )

[node name="spawner_buildings" type="Spatial" parent="."]
script = ExtResource( 4 )

[node name="sun" type="Spatial" parent="."]
transform = Transform( 200, 0, 0, 0, 200, 0, 0, 0, 200, 0, 0, 0 )

[node name="MeshInstance" type="MeshInstance" parent="sun"]
mesh = SubResource( 5 )
material/0 = null
